9 
34 
5 0 0 1 0 1 1 2 1 3 1 + 34 
1 0 1 + 3 
5 0 2 1 2 1 3 2 3 3 3 + 29 
1 0 3 + 7 
4 0 4 0 5 0 6 1 6 + 22 
4 0 7 1 7 1 8 2 8 * 30 
1 0 8 + 2 
5 1 4 1 5 2 5 2 4 3 4 + 23 
1 2 0 + 2 
1 2 2 + 3 
4 2 6 3 6 3 5 4 5 + 15 
2 2 7 3 7 / 4 
1 3 0 + 8 
1 3 2 + 9 
5 3 8 4 8 4 7 5 7 5 8 + 26 
2 4 0 4 1 / 6 
5 4 2 5 2 5 1 6 1 6 0 + 24 
3 4 3 4 4 5 4 * 80 
1 4 6 + 8 
1 5 0 + 5 
4 5 3 6 3 7 3 8 3 + 15 
1 5 5 + 6 
2 5 6 6 6 - 3 
2 6 2 7 2 / 4 
3 6 4 7 4 7 5 + 13 
1 6 5 + 9 
2 6 7 6 8 - 3 
1 7 0 + 6 
3 7 1 8 1 8 0 * 14 
4 7 6 7 7 7 8 8 8 + 27 
1 8 2 + 8 
1 8 4 + 4 
2 8 5 8 6 - 1 
1 8 7 + 6 
